603999	2015-12-10	14.07	14.07	0.0	0.0	0.0
603999	2015-12-11	14.287	14.174	0.113	0.023	0.18
603999	2015-12-14	14.709	14.386	0.323	0.083	0.48
603999	2015-12-15	15.328	14.708	0.62	0.19	0.86
603999	2015-12-16	16.139	15.144	0.995	0.351	1.288
603999	2015-12-17	17.142	15.701	1.441	0.569	1.744
603999	2015-12-18	18.34	16.385	1.955	0.846	2.218
603999	2015-12-21	19.737	17.202	2.535	1.184	2.702
603999	2015-12-22	21.341	18.162	3.179	1.583	3.192
603999	2015-12-23	23.162	19.274	3.888	2.044	3.688
603999	2015-12-24	25.214	20.55	4.664	2.568	4.192
603999	2015-12-25	27.512	22.002	5.51	3.156	4.708
603999	2015-12-28	30.075	23.644	6.431	3.811	5.24
603999	2015-12-29	32.923	25.492	7.431	4.535	5.792
603999	2015-12-30	36.081	27.563	8.518	5.332	6.372
603999	2015-12-31	39.576	29.877	9.699	6.205	6.988
603999	2016-01-04	43.201	32.341	10.86	7.136	7.448
603999	2016-01-05	47.239	35.09	12.149	8.139	8.02
603999	2016-01-06	51.725	38.15	13.575	9.226	8.698
603999	2016-01-07	54.347	40.418	13.929	10.167	7.524
603999	2016-01-08	55.529	42.019	13.51	10.836	5.348
603999	2016-01-11	55.575	43.042	12.533	11.175	2.716
603999	2016-01-12	55.234	43.806	11.428	11.226	0.404
603999	2016-01-13	55.361	44.714	10.647	11.11	-0.926
603999	2016-01-14	55.433	45.537	9.896	10.867	-1.942
603999	2016-01-15	54.636	45.886	8.75	10.444	-3.388
603999	2016-01-18	53.594	46.032	7.562	9.868	-4.612
603999	2016-01-19	52.995	46.304	6.691	9.233	-5.084
603999	2016-01-20	51.756	46.203	5.553	8.497	-5.888
603999	2016-01-21	50.161	45.846	4.315	7.661	-6.692
603999	2016-01-22	49.107	45.658	3.449	6.819	-6.74
603999	2016-01-25	48.278	45.514	2.764	6.008	-6.488
603999	2016-01-26	46.904	45.057	1.847	5.176	-6.658
603999	2016-01-27	46.023	44.77	1.253	4.391	-6.276
603999	2016-01-28	44.659	44.206	0.453	3.603	-6.3
603999	2016-01-29	43.79	43.821	-0.031	2.876	-5.814
603999	2016-02-01	43.253	43.56	-0.307	2.239	-5.092
603999	2016-02-02	42.957	43.395	-0.438	1.704	-4.284
603999	2016-02-03	42.539	43.161	-0.622	1.239	-3.722
603999	2016-02-04	42.547	43.119	-0.572	0.877	-2.898
603999	2016-02-05	42.195	42.907	-0.712	0.559	-2.542
603999	2016-02-15	41.696	42.614	-0.918	0.264	-2.364
603999	2016-02-16	41.615	42.507	-0.892	0.033	-1.85
603999	2016-02-17	41.81	42.535	-0.725	-0.119	-1.212
603999	2016-02-18	42.113	42.627	-0.514	-0.198	-0.632
603999	2016-02-19	42.437	42.745	-0.308	-0.22	-0.176
603999	2016-02-22	42.801	42.897	-0.096	-0.195	0.198
603999	2016-02-23	43.165	43.065	0.1	-0.136	0.472
603999	2016-02-24	43.072	43.028	0.044	-0.1	0.288
603999	2016-02-25	42.338	42.678	-0.34	-0.148	-0.384
603999	2016-02-26	41.432	42.217	-0.785	-0.275	-1.02
603999	2016-02-29	40.106	41.52	-1.414	-0.503	-1.822
603999	2016-03-01	39.017	40.891	-1.874	-0.777	-2.194
603999	2016-03-02	38.482	40.495	-2.013	-1.024	-1.978
603999	2016-03-03	37.885	40.058	-2.173	-1.254	-1.838
603999	2016-03-04	37.041	39.491	-2.45	-1.493	-1.914
603999	2016-03-07	36.532	39.064	-2.532	-1.701	-1.662
603999	2016-03-08	36.062	38.65	-2.588	-1.878	-1.42
603999	2016-03-09	35.722	38.294	-2.572	-2.017	-1.11
603999	2016-03-10	35.28	37.891	-2.611	-2.136	-0.95
603999	2016-03-11	35.082	37.602	-2.52	-2.213	-0.614
603999	2016-03-14	35.125	37.436	-2.311	-2.233	-0.156
603999	2016-03-15	34.993	37.201	-2.208	-2.228	0.04
603999	2016-03-16	34.725	36.908	-2.183	-2.219	0.072
603999	2016-03-17	34.69	36.73	-2.04	-2.183	0.286
603999	2016-03-18	35.192	36.82	-1.628	-2.072	0.888
603999	2016-03-21	35.801	36.993	-1.192	-1.896	1.408
603999	2016-03-22	36.181	37.088	-0.907	-1.698	1.582
603999	2016-03-23	36.647	37.245	-0.598	-1.478	1.76
603999	2016-03-24	36.843	37.295	-0.452	-1.273	1.642
603999	2016-03-25	36.939	37.308	-0.369	-1.092	1.446
603999	2016-03-28	36.933	37.278	-0.345	-0.943	1.196
603999	2016-03-29	36.729	37.154	-0.425	-0.839	0.828
603999	2016-03-30	36.906	37.208	-0.302	-0.732	0.86
603999	2016-03-31	37.051	37.256	-0.205	-0.627	0.844
603999	2016-04-01	37.042	37.236	-0.194	-0.54	0.692
603999	2016-04-05	37.239	37.316	-0.077	-0.447	0.74
603999	2016-04-06	37.345	37.361	-0.016	-0.361	0.69
603999	2016-04-07	37.295	37.336	-0.041	-0.297	0.512
603999	2016-04-08	37.105	37.241	-0.136	-0.265	0.258
603999	2016-04-11	37.224	37.288	-0.064	-0.225	0.322
603999	2016-04-12	37.383	37.36	0.023	-0.175	0.396
603999	2016-04-13	37.636	37.484	0.152	-0.11	0.524
603999	2016-04-14	38.318	37.824	0.494	0.011	0.966
603999	2016-04-15	38.672	38.031	0.641	0.137	1.008
603999	2016-04-18	38.733	38.108	0.625	0.235	0.78
603999	2016-04-19	38.831	38.201	0.63	0.314	0.632
603999	2016-04-20	38.36	38.021	0.339	0.319	0.04
603999	2016-04-21	37.792	37.773	0.019	0.259	-0.48
603999	2016-04-22	37.398	37.585	-0.187	0.17	-0.714
603999	2016-04-25	36.941	37.351	-0.41	0.054	-0.928
603999	2016-04-26	36.669	37.189	-0.52	-0.061	-0.918
603999	2016-04-27	36.446	37.043	-0.597	-0.168	-0.858
603999	2016-04-28	36.142	36.852	-0.71	-0.276	-0.868
603999	2016-04-29	35.823	36.646	-0.823	-0.385	-0.876
603999	2016-05-03	35.763	36.556	-0.793	-0.467	-0.652
603999	2016-05-04	35.801	36.516	-0.715	-0.517	-0.396
603999	2016-05-05	35.824	36.474	-0.65	-0.544	-0.212
603999	2016-05-06	35.745	36.388	-0.643	-0.564	-0.158
603999	2016-05-09	35.352	36.151	-0.799	-0.611	-0.376
603999	2016-05-10	35.139	35.989	-0.85	-0.659	-0.382
603999	2016-05-11	34.831	35.778	-0.947	-0.717	-0.46
603999	2016-05-12	34.479	35.538	-1.059	-0.785	-0.548
603999	2016-05-13	34.122	35.288	-1.166	-0.861	-0.61
603999	2016-05-16	33.946	35.117	-1.171	-0.923	-0.496
603999	2016-05-17	33.787	34.954	-1.167	-0.972	-0.39
603999	2016-05-18	33.471	34.715	-1.244	-1.026	-0.436
603999	2016-05-19	33.235	34.509	-1.274	-1.076	-0.396
603999	2016-05-20	33.097	34.348	-1.251	-1.111	-0.28
603999	2016-05-23	33.081	34.247	-1.166	-1.122	-0.088
603999	2016-05-24	32.973	34.109	-1.136	-1.125	-0.022
603999	2016-05-25	32.936	34.007	-1.071	-1.114	0.086
603999	2016-05-26	33.063	33.989	-0.926	-1.076	0.3
603999	2016-05-27	33.247	34.009	-0.762	-1.013	0.502
603999	2016-05-30	33.286	33.971	-0.685	-0.947	0.524
603999	2016-05-31	33.557	34.051	-0.494	-0.856	0.724
603999	2016-06-01	34.194	34.321	-0.127	-0.71	1.166
603999	2016-06-02	34.907	34.655	0.252	-0.518	1.54
603999	2016-06-03	35.318	34.872	0.446	-0.325	1.542
603999	2016-06-06	35.64	35.06	0.58	-0.144	1.448
603999	2016-06-07	36.178	35.362	0.816	0.048	1.536
603999	2016-06-08	36.449	35.553	0.896	0.218	1.356
603999	2016-06-13	36.108	35.455	0.653	0.305	0.696
603999	2016-06-14	35.79	35.35	0.44	0.332	0.216
603999	2016-06-15	35.727	35.352	0.375	0.341	0.068
603999	2016-06-16	35.575	35.307	0.268	0.326	-0.116
603999	2016-06-17	35.519	35.3	0.219	0.305	-0.172
603999	2016-06-20	35.781	35.442	0.339	0.312	0.054
603999	2016-06-21	35.869	35.509	0.36	0.322	0.076
603999	2016-06-22	36.145	35.668	0.477	0.353	0.248
603999	2016-06-23	36.283	35.77	0.513	0.385	0.256
603999	2016-06-24	36.247	35.791	0.456	0.399	0.114
603999	2016-06-27	36.375	35.886	0.489	0.417	0.144
603999	2016-06-28	36.57	36.016	0.554	0.444	0.22
603999	2016-06-29	36.827	36.181	0.646	0.484	0.324
603999	2016-06-30	36.891	36.259	0.632	0.514	0.236
603999	2016-07-01	36.974	36.346	0.628	0.537	0.182
603999	2016-07-04	37.15	36.477	0.673	0.564	0.218
603999	2016-07-05	37.762	36.822	0.94	0.639	0.602
603999	2016-07-06	38.637	37.313	1.324	0.776	1.096
603999	2016-07-07	39.381	37.769	1.612	0.943	1.338
603999	2016-07-08	39.876	38.127	1.749	1.104	1.29
603999	2016-07-11	40.135	38.381	1.754	1.234	1.04
603999	2016-07-12	40.551	38.711	1.84	1.355	0.97
603999	2016-07-13	41.019	39.072	1.947	1.473	0.948
603999	2016-07-14	41.262	39.333	1.929	1.564	0.73
603999	2016-07-15	41.42	39.552	1.868	1.625	0.486
603999	2016-07-18	41.338	39.651	1.687	1.637	0.1
603999	2016-07-19	41.408	39.809	1.599	1.629	-0.06
603999	2016-07-20	41.439	39.942	1.497	1.603	-0.212
603999	2016-07-21	41.391	40.03	1.361	1.555	-0.388
603999	2016-07-22	41.231	40.054	1.177	1.479	-0.604
603999	2016-07-25	41.128	40.091	1.037	1.391	-0.708
603999	2016-07-26	41.161	40.184	0.977	1.308	-0.662
603999	2016-07-27	40.618	39.995	0.623	1.171	-1.096
603999	2016-07-28	40.055	39.77	0.285	0.994	-1.418
603999	2016-07-29	39.503	39.526	-0.023	0.791	-1.628
603999	2016-08-01	38.933	39.25	-0.317	0.569	-1.772
603999	2016-08-02	38.517	39.026	-0.509	0.353	-1.724
603999	2016-08-03	38.217	38.844	-0.627	0.157	-1.568
603999	2016-08-04	38.01	38.698	-0.688	-0.012	-1.352
603999	2016-08-05	37.688	38.492	-0.804	-0.17	-1.268
603999	2016-08-08	37.456	38.321	-0.865	-0.309	-1.112
603999	2016-08-09	37.343	38.202	-0.859	-0.419	-0.88
603999	2016-08-10	37.232	38.085	-0.853	-0.506	-0.694
603999	2016-08-11	37.022	37.921	-0.899	-0.585	-0.628
603999	2016-08-12	36.906	37.799	-0.893	-0.647	-0.492
603999	2016-08-15	37.011	37.784	-0.773	-0.672	-0.202
603999	2016-08-16	37.094	37.767	-0.673	-0.672	-0.002
603999	2016-08-17	37.349	37.84	-0.491	-0.636	0.29
603999	2016-08-18	37.449	37.852	-0.403	-0.589	0.372
603999	2016-08-19	37.477	37.836	-0.359	-0.543	0.368
603999	2016-08-22	37.374	37.76	-0.386	-0.512	0.252
603999	2016-08-23	37.324	37.707	-0.383	-0.486	0.206
603999	2016-08-24	37.354	37.693	-0.339	-0.457	0.236
603999	2016-08-25	37.538	37.756	-0.218	-0.409	0.382
603999	2016-08-26	37.618	37.779	-0.161	-0.359	0.396
603999	2016-08-29	37.58	37.749	-0.169	-0.321	0.304
603999	2016-08-30	37.548	37.721	-0.173	-0.291	0.236
603999	2016-08-31	37.473	37.672	-0.199	-0.273	0.148
603999	2016-09-01	37.365	37.605	-0.24	-0.266	0.052
603999	2016-09-02	37.217	37.516	-0.299	-0.273	-0.052
603999	2016-09-05	37.199	37.485	-0.286	-0.276	-0.02
603999	2016-09-06	37.191	37.46	-0.269	-0.275	0.012
603999	2016-09-07	37.142	37.416	-0.274	-0.275	0.002
603999	2016-09-08	37.117	37.384	-0.267	-0.273	0.012
603999	2016-09-09	36.999	37.307	-0.308	-0.28	-0.056
603999	2016-09-12	36.682	37.132	-0.45	-0.314	-0.272
603999	2016-09-13	36.432	36.979	-0.547	-0.361	-0.372
603999	2016-09-14	36.199	36.826	-0.627	-0.414	-0.426
603999	2016-09-19	36.078	36.721	-0.643	-0.46	-0.366
603999	2016-09-20	35.92	36.597	-0.677	-0.503	-0.348
603999	2016-09-21	35.812	36.495	-0.683	-0.539	-0.288
603999	2016-09-22	35.749	36.414	-0.665	-0.564	-0.202
603999	2016-09-23	36.032	36.501	-0.469	-0.545	0.152
603999	2016-09-26	36.444	36.665	-0.221	-0.48	0.518
603999	2016-09-27	36.948	36.891	0.057	-0.373	0.86
603999	2016-09-28	37.262	37.046	0.216	-0.255	0.942
603999	2016-09-29	37.497	37.175	0.322	-0.14	0.924
603999	2016-09-30	37.817	37.353	0.464	-0.019	0.966
603999	2016-10-10	38.697	37.811	0.886	0.162	1.448
603999	2016-10-11	40.113	38.558	1.555	0.441	2.228
603999	2016-10-12	42.048	39.605	2.443	0.841	3.204
603999	2016-10-13	44.031	40.741	3.29	1.331	3.918
603999	2016-10-14	45.491	41.688	3.803	1.825	3.956
603999	2016-10-17	47.219	42.801	4.418	2.344	4.148
603999	2016-10-18	47.881	43.447	4.434	2.762	3.344
603999	2016-10-19	48.512	44.079	4.433	3.096	2.674
603999	2016-10-20	49.158	44.718	4.44	3.365	2.15
603999	2016-10-21	50.018	45.461	4.557	3.603	1.908
603999	2016-10-24	50.98	46.262	4.718	3.826	1.784
603999	2016-10-25	51.532	46.877	4.655	3.992	1.326
603999	2016-10-26	51.161	47.043	4.118	4.017	0.202
603999	2016-10-27	50.544	47.051	3.493	3.912	-0.838
603999	2016-10-28	49.819	46.961	2.858	3.701	-1.686
603999	2016-10-31	49.296	46.921	2.375	3.436	-2.122
603999	2016-11-01	49.104	47.005	2.099	3.169	-2.14
603999	2016-11-02	48.66	46.947	1.713	2.878	-2.33
603999	2016-11-03	48.594	47.042	1.552	2.613	-2.122
603999	2016-11-04	48.744	47.229	1.515	2.393	-1.756
603999	2016-11-07	48.688	47.314	1.374	2.189	-1.63
603999	2016-11-08	48.571	47.36	1.211	1.993	-1.564
603999	2016-11-09	48.332	47.335	0.997	1.794	-1.594
603999	2016-11-10	48.282	47.385	0.897	1.615	-1.436
603999	2016-11-11	48.192	47.408	0.784	1.449	-1.33
603999	2016-11-14	48.029	47.387	0.642	1.288	-1.292
603999	2016-11-15	47.806	47.327	0.479	1.126	-1.294
603999	2016-11-16	47.653	47.289	0.364	0.974	-1.22
603999	2016-11-17	47.353	47.171	0.182	0.816	-1.268
603999	2016-11-18	47.131	47.078	0.053	0.663	-1.22
603999	2016-11-21	47.14	47.086	0.054	0.541	-0.974
603999	2016-11-22	47.145	47.092	0.053	0.443	-0.78
603999	2016-11-23	47.2	47.122	0.078	0.37	-0.584
603999	2016-11-24	47.002	47.032	-0.03	0.29	-0.64
603999	2016-11-25	46.62	46.846	-0.226	0.187	-0.826
603999	2016-11-28	46.191	46.623	-0.432	0.063	-0.99
603999	2016-11-29	45.592	46.303	-0.711	-0.092	-1.238
603999	2016-11-30	45.112	46.019	-0.907	-0.255	-1.304
603999	2016-12-01	44.802	45.803	-1.001	-0.404	-1.194
603999	2016-12-02	44.339	45.506	-1.167	-0.557	-1.22
603999	2016-12-05	44.13	45.319	-1.189	-0.683	-1.012
603999	2016-12-06	43.902	45.121	-1.219	-0.79	-0.858
603999	2016-12-07	43.694	44.931	-1.237	-0.879	-0.716
603999	2016-12-08	43.372	44.684	-1.312	-0.966	-0.692
603999	2016-12-09	42.639	44.234	-1.595	-1.092	-1.006
603999	2016-12-12	41.616	43.623	-2.007	-1.275	-1.464
603999	2016-12-13	40.85	43.106	-2.256	-1.471	-1.57
603999	2016-12-14	40.118	42.586	-2.468	-1.67	-1.596
603999	2016-12-15	39.591	42.149	-2.558	-1.848	-1.42
603999	2016-12-16	39.608	41.968	-2.36	-1.95	-0.82
603999	2016-12-19	39.418	41.701	-2.283	-2.017	-0.532
603999	2016-12-20	39.326	41.488	-2.162	-2.046	-0.232
603999	2016-12-21	39.43	41.378	-1.948	-2.026	0.156
603999	2016-12-22	39.382	41.211	-1.829	-1.987	0.316
603999	2016-12-23	39.069	40.925	-1.856	-1.961	0.21
603999	2016-12-26	38.795	40.656	-1.861	-1.941	0.16
603999	2016-12-27	38.467	40.36	-1.893	-1.931	0.076
603999	2016-12-28	38.175	40.079	-1.904	-1.926	0.044
603999	2016-12-29	37.825	39.769	-1.944	-1.93	-0.028
603999	2016-12-30	37.437	39.438	-2.001	-1.944	-0.114
603999	2017-01-03	37.244	39.197	-1.953	-1.946	-0.014
603999	2017-01-04	37.168	39.016	-1.848	-1.926	0.156
603999	2017-01-05	37.034	38.815	-1.781	-1.897	0.232
603999	2017-01-06	36.97	38.652	-1.682	-1.854	0.344
603999	2017-01-09	37.11	38.595	-1.485	-1.78	0.59
603999	2017-01-10	37.13	38.495	-1.365	-1.697	0.664
603999	2017-01-11	36.97	38.317	-1.347	-1.627	0.56
603999	2017-01-12	36.844	38.156	-1.312	-1.564	0.504
603999	2017-01-13	36.599	37.941	-1.342	-1.52	0.356
603999	2017-01-16	35.948	37.528	-1.58	-1.532	-0.096
603999	2017-01-17	35.493	37.192	-1.699	-1.565	-0.268
603999	2017-01-18	35.074	36.864	-1.79	-1.61	-0.36
603999	2017-01-19	34.744	36.573	-1.829	-1.654	-0.35
603999	2017-01-20	34.539	36.339	-1.8	-1.683	-0.234
603999	2017-01-23	34.433	36.155	-1.722	-1.691	-0.062
603999	2017-01-24	34.22	35.925	-1.705	-1.694	-0.022
603999	2017-01-25	34.04	35.712	-1.672	-1.69	0.036
603999	2017-01-26	33.903	35.522	-1.619	-1.676	0.114
603999	2017-02-03	33.779	35.343	-1.564	-1.654	0.18
603999	2017-02-06	33.779	35.227	-1.448	-1.613	0.33
603999	2017-02-07	33.828	35.144	-1.316	-1.554	0.476
603999	2017-02-08	33.902	35.082	-1.18	-1.479	0.598
603999	2017-02-09	34.019	35.051	-1.032	-1.39	0.716
603999	2017-02-10	34.03	34.98	-0.95	-1.302	0.704
603999	2017-02-13	34.099	34.943	-0.844	-1.21	0.732
603999	2017-02-14	34.127	34.894	-0.767	-1.121	0.708
603999	2017-02-15	34.194	34.869	-0.675	-1.032	0.714
603999	2017-02-16	34.218	34.831	-0.613	-0.948	0.67
603999	2017-02-17	34.184	34.769	-0.585	-0.875	0.58
603999	2017-02-20	34.191	34.729	-0.538	-0.808	0.54
603999	2017-02-21	34.368	34.774	-0.406	-0.728	0.644
603999	2017-02-22	34.499	34.807	-0.308	-0.644	0.672
603999	2017-02-23	34.584	34.825	-0.241	-0.563	0.644
603999	2017-02-24	34.682	34.854	-0.172	-0.485	0.626
603999	2017-02-27	34.94	34.966	-0.026	-0.393	0.734
603999	2017-02-28	35.131	35.056	0.075	-0.299	0.748
603999	2017-03-01	35.24	35.114	0.126	-0.214	0.68
603999	2017-03-02	35.251	35.129	0.122	-0.147	0.538
603999	2017-03-03	35.239	35.132	0.107	-0.096	0.406
603999	2017-03-06	35.313	35.176	0.137	-0.049	0.372
603999	2017-03-07	35.4	35.228	0.172	-0.005	0.354
603999	2017-03-08	35.454	35.267	0.187	0.033	0.308
603999	2017-03-09	35.41	35.26	0.15	0.056	0.188
603999	2017-03-10	35.373	35.253	0.12	0.069	0.102
603999	2017-03-13	35.334	35.243	0.091	0.073	0.036
603999	2017-03-14	35.312	35.239	0.073	0.073	0.0
603999	2017-03-15	35.29	35.234	0.056	0.07	-0.028
603999	2017-03-16	35.347	35.266	0.081	0.072	0.018
603999	2017-03-17	35.3	35.249	0.051	0.068	-0.034
603999	2017-03-20	35.225	35.216	0.009	0.056	-0.094
603999	2017-03-21	35.15	35.181	-0.031	0.039	-0.14
603999	2017-03-22	34.939	35.077	-0.138	0.004	-0.284
603999	2017-03-23	34.764	34.982	-0.218	-0.04	-0.356
603999	2017-03-24	34.594	34.884	-0.29	-0.09	-0.4
603999	2017-03-27	34.463	34.799	-0.336	-0.139	-0.394
603999	2017-03-28	34.364	34.726	-0.362	-0.184	-0.356
603999	2017-03-29	34.157	34.6	-0.443	-0.236	-0.414
603999	2017-03-30	33.828	34.409	-0.581	-0.305	-0.552
603999	2017-03-31	33.578	34.245	-0.667	-0.377	-0.58
603999	2017-04-05	33.451	34.134	-0.683	-0.438	-0.49
603999	2017-04-06	33.349	34.034	-0.685	-0.487	-0.396
603999	2017-04-07	33.241	33.931	-0.69	-0.528	-0.324
603999	2017-04-10	33.009	33.768	-0.759	-0.574	-0.37
603999	2017-04-11	32.866	33.643	-0.777	-0.615	-0.324
603999	2017-04-12	32.704	33.507	-0.803	-0.653	-0.3
603999	2017-04-18	32.25	33.229	-0.979	-0.718	-0.522
603999	2017-04-19	31.847	32.962	-1.115	-0.797	-0.636
603999	2017-04-20	31.62	32.77	-1.15	-0.868	-0.564
603999	2017-04-21	31.368	32.563	-1.195	-0.933	-0.524
603999	2017-04-24	30.89	32.244	-1.354	-1.017	-0.674
603999	2017-04-25	30.521	31.966	-1.445	-1.103	-0.684
603999	2017-04-26	30.141	31.676	-1.535	-1.189	-0.692
603999	2017-04-27	29.805	31.401	-1.596	-1.27	-0.652
603999	2017-04-28	29.597	31.182	-1.585	-1.333	-0.504
603999	2017-05-02	29.384	30.962	-1.578	-1.382	-0.392
603999	2017-05-03	29.148	30.731	-1.583	-1.422	-0.322
603999	2017-05-04	28.95	30.518	-1.568	-1.451	-0.234
603999	2017-05-05	28.772	30.316	-1.544	-1.47	-0.148
603999	2017-05-08	28.539	30.09	-1.551	-1.486	-0.13
603999	2017-05-09	28.373	29.895	-1.522	-1.493	-0.058
603999	2017-05-10	28.162	29.681	-1.519	-1.498	-0.042
603999	2017-05-11	27.849	29.418	-1.569	-1.512	-0.114
603999	2017-05-12	27.525	29.146	-1.621	-1.534	-0.174
603999	2017-05-15	27.247	28.892	-1.645	-1.556	-0.178
603999	2017-05-16	27.095	28.697	-1.602	-1.565	-0.074
603999	2017-05-17	27.01	28.537	-1.527	-1.557	0.06
603999	2017-05-18	26.938	28.389	-1.451	-1.536	0.17
603999	2017-05-19	26.852	28.24	-1.388	-1.506	0.236
603999	2017-05-22	26.589	28.01	-1.421	-1.489	0.136
603999	2017-05-23	26.128	27.683	-1.555	-1.502	-0.106
603999	2017-05-24	25.741	27.381	-1.64	-1.53	-0.22
603999	2017-05-25	25.433	27.111	-1.678	-1.56	-0.236
603999	2017-05-26	25.168	26.859	-1.691	-1.586	-0.21
603999	2017-05-31	24.925	26.617	-1.692	-1.607	-0.17
603999	2017-06-01	24.555	26.314	-1.759	-1.637	-0.244
603999	2017-06-02	24.297	26.06	-1.763	-1.662	-0.202
603999	2017-06-05	24.144	25.856	-1.712	-1.672	-0.08
603999	2017-06-06	24.019	25.669	-1.65	-1.668	0.036
603999	2017-06-07	24.028	25.551	-1.523	-1.639	0.232
603999	2017-06-08	24.093	25.469	-1.376	-1.586	0.42
603999	2017-06-09	24.117	25.379	-1.262	-1.521	0.518
603999	2017-06-12	24.014	25.236	-1.222	-1.461	0.478
603999	2017-06-13	24.041	25.159	-1.118	-1.392	0.548
603999	2017-06-14	24.165	25.136	-0.971	-1.308	0.674
603999	2017-06-15	24.652	25.299	-0.647	-1.176	1.058
603999	2017-06-16	24.902	25.372	-0.47	-1.035	1.13
603999	2017-06-19	25.151	25.457	-0.306	-0.889	1.166
603999	2017-06-20	25.352	25.531	-0.179	-0.747	1.136
603999	2017-06-21	25.47	25.575	-0.105	-0.619	1.028
603999	2017-06-22	25.502	25.583	-0.081	-0.511	0.86
603999	2017-06-23	25.548	25.599	-0.051	-0.419	0.736
603999	2017-06-26	25.619	25.629	-0.01	-0.337	0.654
603999	2017-06-27	25.784	25.708	0.076	-0.254	0.66
603999	2017-06-28	25.86	25.75	0.11	-0.181	0.582
603999	2017-06-29	25.992	25.822	0.17	-0.111	0.562
603999	2017-06-30	26.127	25.9	0.227	-0.043	0.54
603999	2017-07-03	26.254	25.978	0.276	0.021	0.51
603999	2017-07-04	26.204	25.974	0.23	0.063	0.334
603999	2017-07-05	26.203	25.991	0.212	0.093	0.238
603999	2017-07-06	26.135	25.974	0.161	0.107	0.108
603999	2017-07-07	26.088	25.963	0.125	0.111	0.028
603999	2017-07-10	25.948	25.905	0.043	0.097	-0.108
603999	2017-07-11	25.756	25.816	-0.06	0.066	-0.252
603999	2017-07-12	25.567	25.721	-0.154	0.022	-0.352
603999	2017-07-13	25.407	25.633	-0.226	-0.028	-0.396
603999	2017-07-14	25.215	25.524	-0.309	-0.084	-0.45
603999	2017-07-17	24.727	25.266	-0.539	-0.175	-0.728
603999	2017-07-18	24.358	25.049	-0.691	-0.278	-0.826
603999	2017-07-19	24.068	24.858	-0.79	-0.38	-0.82
603999	2017-07-20	24.139	24.834	-0.695	-0.443	-0.504
603999	2017-07-21	24.061	24.745	-0.684	-0.491	-0.386
603999	2017-07-24	24.013	24.671	-0.658	-0.524	-0.268
603999	2017-07-25	23.917	24.576	-0.659	-0.551	-0.216
603999	2017-07-26	23.781	24.461	-0.68	-0.577	-0.206
603999	2017-07-27	23.773	24.407	-0.634	-0.588	-0.092
603999	2017-07-28	23.706	24.328	-0.622	-0.595	-0.054
603999	2017-07-31	23.642	24.251	-0.609	-0.598	-0.022
603999	2017-08-01	23.648	24.209	-0.561	-0.591	0.06
603999	2017-08-02	23.587	24.138	-0.551	-0.583	0.064
603999	2017-08-03	23.58	24.094	-0.514	-0.569	0.11
603999	2017-08-04	23.566	24.049	-0.483	-0.552	0.138
603999	2017-08-07	23.594	24.027	-0.433	-0.528	0.19
603999	2017-08-08	23.604	24.0	-0.396	-0.502	0.212
603999	2017-08-09	23.605	23.971	-0.366	-0.475	0.218
603999	2017-08-10	23.535	23.91	-0.375	-0.455	0.16
603999	2017-08-11	23.427	23.83	-0.403	-0.445	0.084
603999	2017-08-14	23.395	23.785	-0.39	-0.434	0.088
603999	2017-08-15	23.373	23.745	-0.372	-0.422	0.1
603999	2017-08-16	23.436	23.748	-0.312	-0.4	0.176
603999	2017-08-17	23.504	23.758	-0.254	-0.371	0.234
603999	2017-08-18	23.565	23.769	-0.204	-0.338	0.268
603999	2017-08-21	23.75	23.843	-0.093	-0.289	0.392
603999	2017-08-22	23.821	23.87	-0.049	-0.241	0.384
603999	2017-08-23	23.825	23.869	-0.044	-0.202	0.316
603999	2017-08-24	23.813	23.86	-0.047	-0.171	0.248
603999	2017-08-25	23.848	23.873	-0.025	-0.142	0.234
603999	2017-08-28	23.941	23.916	0.025	-0.109	0.268
603999	2017-08-29	24.039	23.965	0.074	-0.072	0.292
603999	2017-08-30	24.084	23.992	0.092	-0.039	0.262
603999	2017-08-31	24.13	24.021	0.109	-0.009	0.236
603999	2017-09-01	24.173	24.05	0.123	0.017	0.212
603999	2017-09-04	24.22	24.082	0.138	0.041	0.194
603999	2017-09-05	24.242	24.103	0.139	0.061	0.156
603999	2017-09-06	24.252	24.118	0.134	0.076	0.116
603999	2017-09-07	24.413	24.206	0.207	0.102	0.21
603999	2017-09-08	24.486	24.257	0.229	0.127	0.204
603999	2017-09-11	24.611	24.334	0.277	0.157	0.24
603999	2017-09-12	24.657	24.377	0.28	0.182	0.196
603999	2017-09-13	24.701	24.419	0.282	0.202	0.16
603999	2017-09-14	24.704	24.441	0.263	0.214	0.098
603999	2017-09-15	24.796	24.505	0.291	0.229	0.124
603999	2017-09-18	24.949	24.6	0.349	0.253	0.192
603999	2017-09-19	25.04	24.67	0.37	0.276	0.188
603999	2017-09-20	25.258	24.803	0.455	0.312	0.286
603999	2017-09-21	25.358	24.885	0.473	0.344	0.258
603999	2017-09-22	25.383	24.932	0.451	0.365	0.172
603999	2017-09-25	25.352	24.95	0.402	0.372	0.06
603999	2017-09-26	25.318	24.963	0.355	0.369	-0.028
603999	2017-09-27	25.297	24.979	0.318	0.359	-0.082
603999	2017-09-28	25.161	24.937	0.224	0.332	-0.216
603999	2017-09-29	25.085	24.917	0.168	0.299	-0.262
603999	2017-10-09	25.047	24.911	0.136	0.266	-0.26
603999	2017-10-10	25.149	24.97	0.179	0.249	-0.14
603999	2017-10-11	25.195	25.006	0.189	0.237	-0.096
603999	2017-10-12	25.222	25.033	0.189	0.227	-0.076
603999	2017-10-13	25.283	25.076	0.207	0.223	-0.032
603999	2017-10-16	25.219	25.061	0.158	0.21	-0.104
603999	2017-10-17	25.135	25.032	0.103	0.189	-0.172
603999	2017-10-18	25.079	25.013	0.066	0.164	-0.196
603999	2017-10-19	24.871	24.918	-0.047	0.122	-0.338
603999	2017-10-20	24.725	24.844	-0.119	0.074	-0.386
603999	2017-10-23	24.624	24.787	-0.163	0.027	-0.38
603999	2017-10-24	24.513	24.721	-0.208	-0.02	-0.376
603999	2017-10-25	24.422	24.662	-0.24	-0.064	-0.352
603999	2017-10-26	24.352	24.611	-0.259	-0.103	-0.312
603999	2017-10-27	24.275	24.555	-0.28	-0.138	-0.284
603999	2017-10-30	24.023	24.413	-0.39	-0.188	-0.404
603999	2017-10-31	23.821	24.287	-0.466	-0.244	-0.444
603999	2017-11-01	23.647	24.169	-0.522	-0.3	-0.444
603999	2017-11-02	23.421	24.022	-0.601	-0.36	-0.482
603999	2017-11-03	23.204	23.873	-0.669	-0.422	-0.494
603999	2017-11-06	22.917	23.685	-0.768	-0.491	-0.554
603999	2017-11-07	22.722	23.534	-0.812	-0.555	-0.514
603999	2017-11-08	22.594	23.412	-0.818	-0.608	-0.42
603999	2017-11-09	22.483	23.298	-0.815	-0.649	-0.332
603999	2017-11-10	22.344	23.171	-0.827	-0.685	-0.284
603999	2017-11-13	22.266	23.072	-0.806	-0.709	-0.194
603999	2017-11-14	22.164	22.963	-0.799	-0.727	-0.144
603999	2017-11-15	22.006	22.828	-0.822	-0.746	-0.152
603999	2017-11-16	21.828	22.681	-0.853	-0.767	-0.172
603999	2017-11-17	21.499	22.459	-0.96	-0.806	-0.308
603999	2017-11-20	21.231	22.259	-1.028	-0.85	-0.356
603999	2017-11-21	20.957	22.051	-1.094	-0.899	-0.39
603999	2017-11-22	20.707	21.849	-1.142	-0.948	-0.388
603999	2017-11-23	20.454	21.642	-1.188	-0.996	-0.384
603999	2017-11-24	20.247	21.454	-1.207	-1.038	-0.338
603999	2017-11-27	20.057	21.273	-1.216	-1.074	-0.284
603999	2017-11-28	19.956	21.134	-1.178	-1.095	-0.166
603999	2017-11-29	19.844	20.993	-1.149	-1.106	-0.086
603999	2017-11-30	19.739	20.857	-1.118	-1.108	-0.02
603999	2017-12-01	19.679	20.745	-1.066	-1.1	0.068
603999	2017-12-04	19.539	20.599	-1.06	-1.092	0.064
603999	2017-12-05	19.287	20.399	-1.112	-1.096	-0.032
603999	2017-12-06	19.155	20.253	-1.098	-1.096	-0.004
603999	2017-12-07	19.048	20.12	-1.072	-1.091	0.038
603999	2017-12-08	18.968	20.002	-1.034	-1.08	0.092
603999	2017-12-11	18.974	19.929	-0.955	-1.055	0.2
603999	2017-12-12	18.913	19.829	-0.916	-1.027	0.222
603999	2017-12-13	18.888	19.749	-0.861	-0.994	0.266
603999	2017-12-14	18.814	19.65	-0.836	-0.962	0.252
603999	2017-12-15	18.752	19.558	-0.806	-0.931	0.25
603999	2017-12-18	18.658	19.453	-0.795	-0.904	0.218
603999	2017-12-19	18.601	19.367	-0.766	-0.876	0.22
603999	2017-12-20	18.504	19.264	-0.76	-0.853	0.186
603999	2017-12-21	18.408	19.161	-0.753	-0.833	0.16
603999	2017-12-22	18.33	19.068	-0.738	-0.814	0.152
603999	2017-12-25	18.219	18.96	-0.741	-0.799	0.116
603999	2017-12-26	18.185	18.889	-0.704	-0.78	0.152
603999	2017-12-27	18.26	18.873	-0.613	-0.747	0.268
603999	2017-12-28	18.323	18.858	-0.535	-0.705	0.34
603999	2017-12-29	18.366	18.839	-0.473	-0.659	0.372
603999	2018-01-02	18.439	18.839	-0.4	-0.607	0.414
603999	2018-01-03	18.508	18.843	-0.335	-0.553	0.436
603999	2018-01-04	18.548	18.838	-0.29	-0.5	0.42
603999	2018-01-05	18.601	18.842	-0.241	-0.448	0.414
603999	2018-01-08	18.624	18.835	-0.211	-0.401	0.38
603999	2018-01-09	18.657	18.835	-0.178	-0.356	0.356
603999	2018-01-10	18.611	18.8	-0.189	-0.323	0.268
603999	2018-01-11	18.591	18.776	-0.185	-0.295	0.22
603999	2018-01-12	18.559	18.747	-0.188	-0.274	0.172
603999	2018-01-15	18.455	18.683	-0.228	-0.265	0.074
603999	2018-01-16	18.399	18.639	-0.24	-0.26	0.04
603999	2018-01-17	18.427	18.635	-0.208	-0.25	0.084
603999	2018-01-18	18.454	18.632	-0.178	-0.236	0.116
603999	2018-01-19	18.492	18.637	-0.145	-0.218	0.146
603999	2018-01-22	18.584	18.671	-0.087	-0.192	0.21
603999	2018-01-23	18.636	18.689	-0.053	-0.164	0.222
603999	2018-01-24	18.795	18.762	0.033	-0.125	0.316
603999	2018-01-25	18.996	18.861	0.135	-0.073	0.416
603999	2018-01-26	19.158	18.949	0.209	-0.017	0.452
603999	2018-01-29	19.195	18.982	0.213	0.029	0.368
603999	2018-01-30	19.203	19.002	0.201	0.063	0.276
603999	2018-01-31	19.089	18.962	0.127	0.076	0.102
603999	2018-02-01	18.814	18.839	-0.025	0.056	-0.162
603999	2018-02-02	18.6	18.734	-0.134	0.018	-0.304
603999	2018-02-05	18.406	18.631	-0.225	-0.031	-0.388
603999	2018-02-06	18.042	18.439	-0.397	-0.104	-0.586
603999	2018-02-07	17.763	18.275	-0.512	-0.186	-0.652
603999	2018-02-08	17.583	18.15	-0.567	-0.262	-0.61
603999	2018-02-09	17.356	17.999	-0.643	-0.338	-0.61
603999	2018-02-12	17.246	17.898	-0.652	-0.401	-0.502
603999	2018-02-13	17.157	17.807	-0.65	-0.451	-0.398
603999	2018-02-14	17.114	17.738	-0.624	-0.486	-0.276
